Aaron_Guiel\5\5.1841.jpg,0,185,83,47,47,0.0,1
Aaron_Guiel\5\5.1842.jpg,0,187,83,43,43,0.0,1
Aaron_Guiel\5\5.1843.jpg,0,185,81,45,45,0.0,1
Aaron_Guiel\5\5.1844.jpg,0,189,81,44,44,0.0,1
Aaron_Guiel\5\5.1845.jpg,0,188,82,43,43,0.0,1
Aaron_Guiel\5\5.1846.jpg,0,189,83,40,40,0.0,1
Aaron_Guiel\5\5.1847.jpg,0,184,84,42,42,0.0,1
Aaron_Guiel\5\5.1848.jpg,0,189,89,44,44,0.0,1
Aaron_Guiel\5\5.1849.jpg,0,184,89,43,43,0.0,1
Aaron_Guiel\5\5.1850.jpg,0,185,89,43,43,0.0,1
Aaron_Guiel\5\5.1851.jpg,0,189,89,44,44,0.0,1
Aaron_Guiel\5\5.1852.jpg,0,184,87,44,44,0.0,1
Aaron_Guiel\5\5.1853.jpg,0,183,84,43,43,0.0,1
Aaron_Guiel\5\5.1854.jpg,0,183,82,43,43,0.0,1
Aaron_Guiel\5\5.1855.jpg,0,185,81,44,44,0.0,1
Aaron_Guiel\5\5.1856.jpg,0,182,79,42,42,0.0,1
Aaron_Guiel\5\5.1857.jpg,0,180,78,43,43,0.0,1
Aaron_Guiel\5\5.1858.jpg,0,180,78,45,45,0.0,1
Aaron_Guiel\5\5.1859.jpg,0,179,81,42,42,0.0,1
Aaron_Guiel\5\5.1860.jpg,0,176,85,45,45,0.0,1
Aaron_Guiel\5\5.1861.jpg,0,175,87,44,44,0.0,1
Aaron_Guiel\5\5.1862.jpg,0,175,84,42,42,0.0,1
Aaron_Guiel\5\5.1863.jpg,0,176,88,44,44,0.0,1
Aaron_Guiel\5\5.1864.jpg,0,178,86,42,42,0.0,1
Aaron_Guiel\5\5.1865.jpg,0,176,82,41,41,0.0,1
Aaron_Guiel\5\5.1866.jpg,0,175,83,44,44,0.0,1
Aaron_Guiel\5\5.1867.jpg,0,174,81,43,43,0.0,1
Aaron_Guiel\5\5.1868.jpg,0,170,78,44,44,0.0,1
Aaron_Guiel\5\5.1869.jpg,0,168,77,41,41,0.0,1
Aaron_Guiel\5\5.1870.jpg,0,167,77,42,42,0.0,1
Aaron_Guiel\5\5.1871.jpg,0,164,77,41,41,0.0,1
Aaron_Guiel\5\5.1872.jpg,0,163,80,43,43,0.0,1
Aaron_Guiel\5\5.1873.jpg,0,163,84,42,42,0.0,1
Aaron_Guiel\5\5.1874.jpg,0,163,86,42,42,0.0,1
Aaron_Guiel\5\5.1875.jpg,0,163,87,42,42,0.0,1
Aaron_Guiel\5\5.1876.jpg,0,165,87,40,40,0.0,1
Aaron_Guiel\5\5.1877.jpg,0,164,85,43,43,0.0,1
Aaron_Guiel\5\5.1878.jpg,0,168,84,43,43,0.0,1
Aaron_Guiel\5\5.1879.jpg,0,166,83,43,43,0.0,1
Aaron_Guiel\5\5.1880.jpg,0,163,80,43,43,0.0,1
Aaron_Guiel\5\5.1881.jpg,0,164,79,45,45,0.0,1
Aaron_Guiel\5\5.1882.jpg,0,164,79,43,43,0.0,1
Aaron_Guiel\5\5.1883.jpg,0,163,79,43,43,0.0,1
Aaron_Guiel\5\5.1884.jpg,0,165,81,41,41,0.0,1
Aaron_Guiel\5\5.1885.jpg,0,167,83,44,44,0.0,1
Aaron_Guiel\5\5.1886.jpg,0,165,85,45,45,0.0,1
Aaron_Guiel\5\5.1887.jpg,0,170,86,43,43,0.0,1
Aaron_Guiel\5\5.1888.jpg,0,174,87,46,46,0.0,1
Aaron_Guiel\5\5.1889.jpg,0,174,86,44,44,0.0,1
Aaron_Guiel\5\5.1890.jpg,0,174,85,41,41,0.0,1
Aaron_Guiel\5\5.1891.jpg,0,176,84,44,44,0.0,1
Aaron_Guiel\5\5.1892.jpg,0,178,82,44,44,0.0,1
Aaron_Guiel\5\5.1893.jpg,0,178,81,43,43,0.0,1
Aaron_Guiel\5\5.1894.jpg,0,176,79,43,43,0.0,1
Aaron_Guiel\5\5.1895.jpg,0,174,78,41,41,0.0,1
Aaron_Guiel\5\5.1896.jpg,0,173,78,43,43,0.0,1
Aaron_Guiel\5\5.1897.jpg,0,172,79,41,41,0.0,1
Aaron_Guiel\5\5.1898.jpg,0,171,82,40,40,0.0,1
Aaron_Guiel\5\5.1899.jpg,0,169,85,43,43,0.0,1
Aaron_Guiel\5\5.1900.jpg,0,167,89,41,41,0.0,1
Aaron_Guiel\5\5.1901.jpg,0,167,89,41,41,0.0,1
Aaron_Guiel\5\5.1902.jpg,0,167,88,39,39,0.0,1
Aaron_Guiel\5\5.1903.jpg,0,169,87,37,37,0.0,1
Aaron_Guiel\5\5.1904.jpg,0,163,83,42,42,0.0,1
Aaron_Guiel\5\5.1905.jpg,0,162,82,43,43,0.0,1
Aaron_Guiel\5\5.1906.jpg,0,160,82,43,43,0.0,1
Aaron_Guiel\5\5.1907.jpg,0,159,82,42,42,0.0,1
Aaron_Guiel\5\5.1908.jpg,0,160,84,42,42,0.0,1
Aaron_Guiel\5\5.1909.jpg,0,160,86,39,39,0.0,1
Aaron_Guiel\5\5.1910.jpg,0,159,88,41,41,0.0,1
Aaron_Guiel\5\5.1911.jpg,0,158,89,42,42,0.0,1
Aaron_Guiel\5\5.1912.jpg,0,161,90,44,44,0.0,1
Aaron_Guiel\5\5.1913.jpg,0,162,91,43,43,0.0,1
Aaron_Guiel\5\5.1914.jpg,0,165,91,43,43,0.0,1
Aaron_Guiel\5\5.1915.jpg,0,168,91,42,42,0.0,1
Aaron_Guiel\5\5.1916.jpg,0,170,91,42,42,0.0,1
Aaron_Guiel\5\5.1917.jpg,0,172,86,41,41,0.0,1
Aaron_Guiel\5\5.1918.jpg,0,171,84,44,44,0.0,1
Aaron_Guiel\5\5.1919.jpg,0,172,82,43,43,0.0,1
Aaron_Guiel\5\5.1955.jpg,0,141,85,38,38,0.0,1
Aaron_Guiel\5\5.1956.jpg,0,142,85,38,38,0.0,1
Aaron_Guiel\5\5.1957.jpg,0,141,85,40,40,0.0,1
Aaron_Guiel\5\5.1958.jpg,0,141,85,39,39,0.0,1
Aaron_Guiel\5\5.1959.jpg,0,143,87,40,40,0.0,1
Aaron_Guiel\5\5.1960.jpg,0,143,88,41,41,0.0,1
Aaron_Guiel\5\5.1961.jpg,0,147,91,42,42,0.0,1
Aaron_Guiel\5\5.1962.jpg,0,150,90,40,40,0.0,1
Aaron_Guiel\5\5.1963.jpg,0,152,90,41,41,0.0,1
Aaron_Guiel\5\5.1964.jpg,0,154,89,40,40,0.0,1
Aaron_Guiel\5\5.1965.jpg,0,159,85,39,39,0.0,1
Aaron_Guiel\5\5.1966.jpg,0,161,84,40,40,0.0,1
Aaron_Guiel\5\5.1967.jpg,0,164,82,40,40,0.0,1
Aaron_Guiel\5\5.1968.jpg,0,163,79,39,39,0.0,1
Aaron_Guiel\5\5.1969.jpg,0,167,78,39,39,0.0,1
Aaron_Guiel\5\5.1970.jpg,0,170,79,39,39,0.0,1
Aaron_Guiel\5\5.1971.jpg,0,174,80,38,38,0.0,1
Aaron_Guiel\5\5.1972.jpg,0,173,81,40,40,0.0,1
Aaron_Guiel\5\5.1973.jpg,0,177,83,35,35,0.0,1
Aaron_Guiel\5\5.1974.jpg,0,181,84,37,37,0.0,1
Aaron_Guiel\5\5.1975.jpg,0,183,85,36,36,0.0,1
Aaron_Guiel\5\5.1976.jpg,0,186,85,36,36,0.0,1
Aaron_Guiel\5\5.1977.jpg,0,186,81,35,35,0.0,1
Aaron_Guiel\5\5.1978.jpg,0,189,81,42,42,0.0,1
Aaron_Guiel\5\5.1979.jpg,0,186,79,36,36,0.0,1
Aaron_Guiel\5\5.1980.jpg,0,187,79,42,42,0.0,1
Aaron_Guiel\5\5.1981.jpg,0,185,79,39,39,0.0,1
Aaron_Guiel\5\5.1982.jpg,0,183,81,34,34,0.0,1
Aaron_Guiel\5\5.1983.jpg,0,186,82,42,42,0.0,1
Aaron_Guiel\5\5.1984.jpg,0,186,84,40,40,0.0,1
Aaron_Guiel\5\5.1985.jpg,0,182,84,37,37,0.0,1
Aaron_Guiel\5\5.1986.jpg,0,183,86,38,38,0.0,1
Aaron_Guiel\5\5.1987.jpg,0,181,85,36,36,0.0,1
Aaron_Guiel\5\5.1988.jpg,0,180,85,36,36,0.0,1
Aaron_Guiel\5\5.1989.jpg,0,181,82,39,39,0.0,1
Aaron_Guiel\5\5.1990.jpg,0,179,81,39,39,0.0,1
Aaron_Guiel\5\5.1991.jpg,0,173,81,33,33,0.0,1
Aaron_Guiel\5\5.1992.jpg,0,176,80,37,37,0.0,1
Aaron_Guiel\5\5.1993.jpg,0,175,82,36,36,0.0,1
Aaron_Guiel\5\5.1994.jpg,0,173,82,35,35,0.0,1
Aaron_Guiel\5\5.1995.jpg,0,174,84,36,36,0.0,1
Aaron_Guiel\5\5.1996.jpg,0,173,86,38,38,0.0,1
Aaron_Guiel\5\5.1997.jpg,0,172,86,37,37,0.0,1
Aaron_Guiel\5\5.1998.jpg,0,173,86,39,39,0.0,1
Aaron_Guiel\5\5.1999.jpg,0,171,85,34,34,0.0,1
Aaron_Guiel\5\5.2000.jpg,0,171,82,41,41,0.0,1
Aaron_Guiel\5\5.2001.jpg,0,169,81,36,36,0.0,1
Aaron_Guiel\5\5.2002.jpg,0,169,80,37,37,0.0,1
Aaron_Guiel\5\5.2003.jpg,0,174,80,38,38,0.0,1
Aaron_Guiel\5\5.2004.jpg,0,176,80,38,38,0.0,1
Aaron_Guiel\5\5.2005.jpg,0,181,81,37,37,0.0,1
Aaron_Guiel\5\5.2006.jpg,0,180,83,41,41,0.0,1
Aaron_Guiel\5\5.2007.jpg,0,185,84,45,45,0.0,1
