Alek_Wek\1\1.189.jpg,0,335,88,51,51,0.0,1
Alek_Wek\1\1.190.jpg,0,333,85,50,50,0.0,1
Alek_Wek\1\1.191.jpg,0,333,81,46,46,0.0,1
Alek_Wek\1\1.192.jpg,0,330,77,43,43,0.0,1
Alek_Wek\1\1.193.jpg,0,329,77,50,50,0.0,1
Alek_Wek\1\1.194.jpg,0,327,75,45,45,0.0,1
Alek_Wek\1\1.195.jpg,0,326,76,48,48,0.0,1
Alek_Wek\1\1.196.jpg,0,326,79,46,46,0.0,1
Alek_Wek\1\1.197.jpg,0,325,88,48,48,0.0,1
Alek_Wek\1\1.198.jpg,0,325,92,49,49,0.0,1
Alek_Wek\1\1.199.jpg,0,323,94,49,49,0.0,1
Alek_Wek\1\1.200.jpg,0,324,93,48,48,0.0,1
Alek_Wek\1\1.201.jpg,0,323,90,46,46,0.0,1
Alek_Wek\1\1.202.jpg,0,323,86,48,48,0.0,1
Alek_Wek\1\1.203.jpg,0,324,83,46,46,0.0,1
Alek_Wek\1\1.204.jpg,0,325,80,50,50,0.0,1
Alek_Wek\1\1.205.jpg,0,325,77,47,47,0.0,1
Alek_Wek\1\1.206.jpg,0,326,75,49,49,0.0,1
Alek_Wek\1\1.207.jpg,0,327,75,50,50,0.0,1
Alek_Wek\1\1.208.jpg,0,326,76,46,46,0.0,1
Alek_Wek\1\1.209.jpg,0,325,79,47,47,0.0,1
Alek_Wek\1\1.210.jpg,0,326,84,48,48,0.0,1
Alek_Wek\1\1.211.jpg,0,326,88,50,50,0.0,1
Alek_Wek\1\1.212.jpg,0,326,90,49,49,0.0,1
Alek_Wek\1\1.213.jpg,0,326,89,46,46,0.0,1
Alek_Wek\1\1.214.jpg,0,326,88,46,46,0.0,1
Alek_Wek\1\1.215.jpg,0,325,86,46,46,0.0,1
Alek_Wek\1\1.216.jpg,0,323,83,50,50,0.0,1
Alek_Wek\1\1.217.jpg,0,321,78,43,43,0.0,1
Alek_Wek\1\1.218.jpg,0,319,75,48,48,0.0,1
Alek_Wek\1\1.219.jpg,0,317,74,45,45,0.0,1
Alek_Wek\1\1.220.jpg,0,316,73,46,46,0.0,1
Alek_Wek\1\1.221.jpg,0,315,81,48,48,0.0,1
Alek_Wek\1\1.222.jpg,0,314,86,46,46,0.0,1
Alek_Wek\1\1.223.jpg,0,313,89,49,49,0.0,1
Alek_Wek\1\1.224.jpg,0,312,94,48,48,0.0,1
Alek_Wek\1\1.225.jpg,0,310,93,49,49,0.0,1
Alek_Wek\1\1.226.jpg,0,309,90,47,47,0.0,1
Alek_Wek\1\1.227.jpg,0,307,88,47,47,0.0,1
Alek_Wek\1\1.228.jpg,0,308,85,46,46,0.0,1
Alek_Wek\1\1.229.jpg,0,307,82,46,46,0.0,1
Alek_Wek\1\1.230.jpg,0,307,78,46,46,0.0,1
Alek_Wek\1\1.231.jpg,0,307,76,44,44,0.0,1
Alek_Wek\1\1.232.jpg,0,306,75,51,51,0.0,1
Alek_Wek\1\1.233.jpg,0,305,77,50,50,0.0,1
Alek_Wek\1\1.234.jpg,0,304,79,48,48,0.0,1
Alek_Wek\1\1.235.jpg,1,302,84,52,52,0.0,1
Alek_Wek\1\1.236.jpg,0,301,89,52,52,0.0,1
Alek_Wek\1\1.237.jpg,0,301,93,52,52,0.0,1
Alek_Wek\1\1.238.jpg,0,299,94,52,52,0.0,1
Alek_Wek\1\1.239.jpg,0,296,92,47,47,0.0,1
Alek_Wek\1\1.240.jpg,0,295,91,52,52,0.0,1
Alek_Wek\1\1.241.jpg,0,293,88,52,52,0.0,1
Alek_Wek\1\1.242.jpg,0,290,83,49,49,0.0,1
Alek_Wek\1\1.243.jpg,0,288,79,51,51,0.0,1
Alek_Wek\1\1.244.jpg,1,285,75,45,45,0.0,1
Alek_Wek\1\1.245.jpg,0,284,77,50,50,0.0,1
Alek_Wek\1\1.246.jpg,0,282,78,52,52,0.0,1
Alek_Wek\1\1.247.jpg,0,280,83,51,51,0.0,1
Alek_Wek\1\1.248.jpg,0,278,87,49,49,0.0,1
Alek_Wek\1\1.249.jpg,0,278,91,48,48,0.0,1
Alek_Wek\1\1.250.jpg,0,276,92,45,45,0.0,1
Alek_Wek\1\1.251.jpg,0,274,89,47,47,0.0,1
Alek_Wek\1\1.252.jpg,0,272,88,45,45,0.0,1
Alek_Wek\1\1.253.jpg,0,271,85,47,47,0.0,1
Alek_Wek\1\1.254.jpg,0,271,82,50,50,0.0,1
Alek_Wek\1\1.255.jpg,0,271,78,46,46,0.0,1
Alek_Wek\1\1.256.jpg,0,270,74,50,50,0.0,1
Alek_Wek\1\1.257.jpg,0,270,73,48,48,0.0,1
Alek_Wek\1\1.258.jpg,0,268,71,49,49,0.0,1
Alek_Wek\1\1.259.jpg,0,268,72,50,50,0.0,1
Alek_Wek\1\1.260.jpg,0,266,75,50,50,0.0,1
Alek_Wek\1\1.261.jpg,0,265,79,48,48,0.0,1
Alek_Wek\1\1.262.jpg,0,265,84,50,50,0.0,1
Alek_Wek\1\1.263.jpg,0,264,87,48,48,0.0,1
Alek_Wek\1\1.264.jpg,0,264,85,49,49,0.0,1
Alek_Wek\1\1.265.jpg,0,263,86,50,50,0.0,1
Alek_Wek\1\1.266.jpg,1,261,83,51,51,0.0,1
Alek_Wek\1\1.267.jpg,0,260,80,49,49,0.0,1
Alek_Wek\1\1.268.jpg,0,260,78,50,50,0.0,1
Alek_Wek\1\1.269.jpg,0,260,73,54,54,0.0,1
Alek_Wek\1\1.270.jpg,0,259,70,49,49,0.0,1
Alek_Wek\1\1.271.jpg,0,261,70,49,49,0.0,1
Alek_Wek\1\1.272.jpg,0,261,73,51,51,0.0,1
Alek_Wek\1\1.273.jpg,0,264,77,51,51,0.0,1
Alek_Wek\1\1.274.jpg,0,265,81,51,51,0.0,1
Alek_Wek\1\1.275.jpg,0,265,83,49,49,0.0,1
Alek_Wek\1\1.276.jpg,0,266,85,50,50,0.0,1
Alek_Wek\1\1.277.jpg,0,265,85,51,51,0.0,1
Alek_Wek\1\1.278.jpg,0,266,83,49,49,0.0,1
Alek_Wek\1\1.279.jpg,0,266,83,50,50,0.0,1
Alek_Wek\1\1.280.jpg,0,268,80,51,51,0.0,1
Alek_Wek\1\1.281.jpg,0,268,78,49,49,0.0,1
Alek_Wek\1\1.282.jpg,0,270,76,52,52,0.0,1
Alek_Wek\1\1.283.jpg,0,269,73,51,51,0.0,1
Alek_Wek\1\1.284.jpg,0,270,72,53,53,0.0,1
Alek_Wek\1\1.285.jpg,0,270,71,52,52,0.0,1
Alek_Wek\1\1.286.jpg,0,270,71,51,51,0.0,1
Alek_Wek\1\1.287.jpg,0,269,74,51,51,0.0,1
Alek_Wek\1\1.288.jpg,0,269,78,52,52,0.0,1
Alek_Wek\1\1.289.jpg,0,269,80,52,52,0.0,1
Alek_Wek\1\1.290.jpg,0,270,82,52,52,0.0,1
Alek_Wek\1\1.291.jpg,0,270,83,54,54,0.0,1
Alek_Wek\1\1.292.jpg,0,269,82,48,48,0.0,1
Alek_Wek\1\1.293.jpg,0,268,79,52,52,0.0,1
Alek_Wek\1\1.294.jpg,0,269,78,52,52,0.0,1
Alek_Wek\1\1.295.jpg,0,270,77,54,54,0.0,1
Alek_Wek\1\1.296.jpg,0,271,77,54,54,0.0,1
Alek_Wek\1\1.297.jpg,0,271,74,52,52,0.0,1
Alek_Wek\1\1.298.jpg,0,272,74,53,53,0.0,1
Alek_Wek\1\1.299.jpg,0,274,73,53,53,0.0,1
Alek_Wek\1\1.300.jpg,0,277,73,52,52,0.0,1
Alek_Wek\1\1.301.jpg,0,278,74,51,51,0.0,1
Alek_Wek\1\1.302.jpg,0,280,77,51,51,0.0,1
Alek_Wek\1\1.303.jpg,0,282,80,51,51,0.0,1
Alek_Wek\1\1.304.jpg,0,283,81,51,51,0.0,1
Alek_Wek\1\1.305.jpg,0,283,82,51,51,0.0,1
Alek_Wek\1\1.306.jpg,0,285,80,49,49,0.0,1
Alek_Wek\1\1.307.jpg,0,286,80,50,50,0.0,1
Alek_Wek\1\1.308.jpg,0,288,79,50,50,0.0,1
Alek_Wek\1\1.309.jpg,0,290,80,52,52,0.0,1
Alek_Wek\1\1.310.jpg,0,291,79,51,51,0.0,1
Alek_Wek\1\1.311.jpg,0,293,79,52,52,0.0,1
Alek_Wek\1\1.312.jpg,0,294,77,52,52,0.0,1
Alek_Wek\1\1.313.jpg,0,295,74,52,52,0.0,1
Alek_Wek\1\1.314.jpg,0,296,71,51,51,0.0,1
Alek_Wek\1\1.315.jpg,0,296,69,51,51,0.0,1
Alek_Wek\1\1.316.jpg,0,298,69,51,51,0.0,1
Alek_Wek\1\1.317.jpg,0,299,71,50,50,0.0,1
Alek_Wek\1\1.318.jpg,0,300,71,50,50,0.0,1
Alek_Wek\1\1.319.jpg,0,301,70,49,49,0.0,1
Alek_Wek\1\1.320.jpg,0,301,69,49,49,0.0,1
Alek_Wek\1\1.321.jpg,0,303,70,51,51,0.0,1
Alek_Wek\1\1.322.jpg,0,304,71,52,52,0.0,1
Alek_Wek\1\1.323.jpg,0,303,73,53,53,0.0,1
Alek_Wek\1\1.324.jpg,0,304,76,54,54,0.0,1
Alek_Wek\1\1.325.jpg,0,304,75,52,52,0.0,1
Alek_Wek\1\1.326.jpg,0,304,75,54,54,0.0,1
Alek_Wek\1\1.327.jpg,0,302,71,49,49,0.0,1
Alek_Wek\1\1.328.jpg,0,302,70,58,58,0.0,1
Alek_Wek\1\1.329.jpg,0,301,67,53,53,0.0,1
