Alek_Wek\4\4.74.jpg,0,179,40,27,27,0.0,1
Alek_Wek\4\4.75.jpg,0,181,39,26,26,0.0,1
Alek_Wek\4\4.76.jpg,0,180,38,27,27,0.0,1
Alek_Wek\4\4.77.jpg,0,180,37,27,27,0.0,1
Alek_Wek\4\4.78.jpg,0,180,40,28,28,0.0,1
Alek_Wek\4\4.79.jpg,0,178,40,25,25,0.0,1
Alek_Wek\4\4.80.jpg,0,179,43,27,27,0.0,1
Alek_Wek\4\4.81.jpg,0,178,45,27,27,0.0,1
Alek_Wek\4\4.82.jpg,0,178,47,27,27,0.0,1
Alek_Wek\4\4.83.jpg,0,179,48,28,28,0.0,1
Alek_Wek\4\4.84.jpg,0,178,47,27,27,0.0,1
Alek_Wek\4\4.85.jpg,0,179,45,27,27,0.0,1
Alek_Wek\4\4.86.jpg,0,178,45,27,27,0.0,1
Alek_Wek\4\4.87.jpg,0,180,43,26,26,0.0,1
Alek_Wek\4\4.88.jpg,0,179,43,26,26,0.0,1
Alek_Wek\4\4.89.jpg,0,179,43,27,27,0.0,1
Alek_Wek\4\4.90.jpg,0,178,43,27,27,0.0,1
Alek_Wek\4\4.91.jpg,0,178,45,28,28,0.0,1
Alek_Wek\4\4.92.jpg,0,177,45,25,25,0.0,1
Alek_Wek\4\4.93.jpg,0,176,49,25,25,0.0,1
Alek_Wek\4\4.94.jpg,0,178,54,26,26,0.0,1
Alek_Wek\4\4.95.jpg,0,178,58,27,27,0.0,1
Alek_Wek\4\4.96.jpg,0,178,60,28,28,0.0,1
Alek_Wek\4\4.97.jpg,0,177,59,25,25,0.0,1
Alek_Wek\4\4.98.jpg,0,177,61,29,29,0.0,1
Alek_Wek\4\4.99.jpg,0,176,60,27,27,0.0,1
Alek_Wek\4\4.100.jpg,0,177,61,28,28,0.0,1
Alek_Wek\4\4.101.jpg,0,176,61,29,29,0.0,1
Alek_Wek\4\4.102.jpg,0,176,62,28,28,0.0,1
Alek_Wek\4\4.103.jpg,0,176,64,28,28,0.0,1
Alek_Wek\4\4.104.jpg,0,175,65,28,28,0.0,1
Alek_Wek\4\4.105.jpg,0,175,68,29,29,0.0,1
Alek_Wek\4\4.106.jpg,0,175,72,28,28,0.0,1
Alek_Wek\4\4.107.jpg,0,175,76,28,28,0.0,1
Alek_Wek\4\4.108.jpg,0,175,78,29,29,0.0,1
Alek_Wek\4\4.109.jpg,0,174,81,28,28,0.0,1
Alek_Wek\4\4.110.jpg,0,173,81,28,28,0.0,1
Alek_Wek\4\4.111.jpg,0,172,80,29,29,0.0,1
Alek_Wek\4\4.112.jpg,0,173,79,28,28,0.0,1
Alek_Wek\4\4.113.jpg,0,172,77,29,29,0.0,1
Alek_Wek\4\4.114.jpg,0,172,76,29,29,0.0,1
Alek_Wek\4\4.115.jpg,0,172,75,29,29,0.0,1
Alek_Wek\4\4.116.jpg,0,171,75,30,30,0.0,1
Alek_Wek\4\4.117.jpg,0,171,75,30,30,0.0,1
Alek_Wek\4\4.118.jpg,0,171,76,30,30,0.0,1
Alek_Wek\4\4.119.jpg,0,170,77,27,27,0.0,1
Alek_Wek\4\4.120.jpg,0,170,80,31,31,0.0,1
Alek_Wek\4\4.121.jpg,0,170,82,29,29,0.0,1
Alek_Wek\4\4.122.jpg,0,171,83,30,30,0.0,1
Alek_Wek\4\4.123.jpg,0,170,81,31,31,0.0,1
Alek_Wek\4\4.124.jpg,0,170,81,31,31,0.0,1
Alek_Wek\4\4.125.jpg,0,171,77,30,30,0.0,1
Alek_Wek\4\4.126.jpg,0,170,76,30,30,0.0,1
Alek_Wek\4\4.127.jpg,0,170,75,31,31,0.0,1
Alek_Wek\4\4.128.jpg,0,170,73,31,31,0.0,1
Alek_Wek\4\4.129.jpg,0,171,72,31,31,0.0,1
Alek_Wek\4\4.130.jpg,0,171,73,31,31,0.0,1
Alek_Wek\4\4.131.jpg,0,173,75,32,32,0.0,1
Alek_Wek\4\4.132.jpg,0,173,77,33,33,0.0,1
Alek_Wek\4\4.133.jpg,0,173,80,29,29,0.0,1
Alek_Wek\4\4.134.jpg,0,174,82,32,32,0.0,1
Alek_Wek\4\4.135.jpg,0,174,81,30,30,0.0,1
Alek_Wek\4\4.136.jpg,0,175,81,32,32,0.0,1
Alek_Wek\4\4.137.jpg,0,175,78,33,33,0.0,1
Alek_Wek\4\4.138.jpg,0,175,76,31,31,0.0,1
Alek_Wek\4\4.139.jpg,0,176,74,32,32,0.0,1
Alek_Wek\4\4.140.jpg,0,176,72,33,33,0.0,1
Alek_Wek\4\4.141.jpg,0,178,71,34,34,0.0,1
Alek_Wek\4\4.142.jpg,0,178,69,31,31,0.0,1
Alek_Wek\4\4.143.jpg,0,180,70,34,34,0.0,1
Alek_Wek\4\4.144.jpg,0,180,70,34,34,0.0,1
Alek_Wek\4\4.145.jpg,0,181,72,34,34,0.0,1
Alek_Wek\4\4.146.jpg,0,181,74,34,34,0.0,1
Alek_Wek\4\4.147.jpg,0,179,76,33,33,0.0,1
Alek_Wek\4\4.148.jpg,0,179,76,33,33,0.0,1
Alek_Wek\4\4.149.jpg,0,178,73,33,33,0.0,1
Alek_Wek\4\4.150.jpg,0,178,72,34,34,0.0,1
Alek_Wek\4\4.151.jpg,0,178,70,33,33,0.0,1
Alek_Wek\4\4.152.jpg,0,178,68,35,35,0.0,1
Alek_Wek\4\4.153.jpg,0,178,66,36,36,0.0,1
Alek_Wek\4\4.154.jpg,0,179,63,34,34,0.0,1
Alek_Wek\4\4.155.jpg,0,179,61,35,35,0.0,1
Alek_Wek\4\4.156.jpg,0,179,61,35,35,0.0,1
Alek_Wek\4\4.157.jpg,0,180,62,35,35,0.0,1
Alek_Wek\4\4.158.jpg,0,180,64,36,36,0.0,1
Alek_Wek\4\4.159.jpg,1,179,68,36,36,0.0,1
Alek_Wek\4\4.160.jpg,0,180,70,36,36,0.0,1
Alek_Wek\4\4.161.jpg,0,179,70,35,35,0.0,1
Alek_Wek\4\4.162.jpg,0,179,70,36,36,0.0,1
Alek_Wek\4\4.163.jpg,0,179,67,36,36,0.0,1
Alek_Wek\4\4.164.jpg,0,178,64,33,33,0.0,1
Alek_Wek\4\4.165.jpg,0,179,62,37,37,0.0,1
Alek_Wek\4\4.166.jpg,1,179,59,37,37,0.0,1
Alek_Wek\4\4.167.jpg,1,180,58,35,35,0.0,1
Alek_Wek\4\4.168.jpg,0,180,57,36,36,0.0,1
Alek_Wek\4\4.169.jpg,0,180,56,37,37,0.0,1
Alek_Wek\4\4.170.jpg,0,180,57,37,37,0.0,1
Alek_Wek\4\4.171.jpg,1,181,60,38,38,0.0,1
Alek_Wek\4\4.172.jpg,1,180,62,37,37,0.0,1
Alek_Wek\4\4.173.jpg,0,180,67,38,38,0.0,1
Alek_Wek\4\4.174.jpg,0,178,66,39,39,0.0,1
Alek_Wek\4\4.175.jpg,1,179,65,36,36,0.0,1
Alek_Wek\4\4.176.jpg,0,178,63,39,39,0.0,1
Alek_Wek\4\4.177.jpg,0,178,61,38,38,0.0,1
Alek_Wek\4\4.178.jpg,0,176,58,36,36,0.0,1
Alek_Wek\4\4.179.jpg,0,177,56,39,39,0.0,1
Alek_Wek\4\4.180.jpg,1,177,54,39,39,0.0,1
Alek_Wek\4\4.181.jpg,1,178,53,41,41,0.0,1
Alek_Wek\4\4.182.jpg,0,178,52,41,41,0.0,1
Alek_Wek\4\4.183.jpg,0,179,54,40,40,0.0,1
Alek_Wek\4\4.184.jpg,0,179,56,40,40,0.0,1
Alek_Wek\4\4.185.jpg,2,179,59,40,40,0.0,1
Alek_Wek\4\4.186.jpg,0,180,62,38,38,0.0,1
Alek_Wek\4\4.187.jpg,0,180,64,39,39,0.0,1
Alek_Wek\4\4.188.jpg,0,180,64,41,41,0.0,1
Alek_Wek\4\4.189.jpg,0,181,64,40,40,0.0,1
Alek_Wek\4\4.190.jpg,1,183,62,40,40,0.0,1
Alek_Wek\4\4.191.jpg,0,183,58,41,41,0.0,1
Alek_Wek\4\4.192.jpg,0,185,56,39,39,0.0,1
Alek_Wek\4\4.193.jpg,0,186,54,42,42,0.0,1
Alek_Wek\4\4.194.jpg,0,186,52,39,39,0.0,1
Alek_Wek\4\4.195.jpg,1,187,52,40,40,0.0,1
Alek_Wek\4\4.196.jpg,0,187,52,42,42,0.0,1
Alek_Wek\4\4.197.jpg,0,187,56,43,43,0.0,1
Alek_Wek\4\4.198.jpg,0,187,60,42,42,0.0,1
Alek_Wek\4\4.199.jpg,0,187,62,40,40,0.0,1
Alek_Wek\4\4.200.jpg,0,185,64,42,42,0.0,1
Alek_Wek\4\4.201.jpg,0,185,64,43,43,0.0,1
Alek_Wek\4\4.202.jpg,0,184,63,42,42,0.0,1
Alek_Wek\4\4.203.jpg,0,183,61,40,40,0.0,1
Alek_Wek\4\4.204.jpg,0,181,58,41,41,0.0,1
Alek_Wek\4\4.205.jpg,0,179,56,41,41,0.0,1
Alek_Wek\4\4.206.jpg,0,179,54,42,42,0.0,1
Alek_Wek\4\4.207.jpg,0,178,52,41,41,0.0,1
Alek_Wek\4\4.208.jpg,0,177,51,41,41,0.0,1
Alek_Wek\4\4.209.jpg,0,177,52,43,43,0.0,1
Alek_Wek\4\4.210.jpg,0,176,53,43,43,0.0,1
Alek_Wek\4\4.211.jpg,1,176,57,42,42,0.0,1
Alek_Wek\4\4.212.jpg,0,174,60,44,44,0.0,1
Alek_Wek\4\4.213.jpg,0,173,62,44,44,0.0,1
Alek_Wek\4\4.214.jpg,0,173,62,43,43,0.0,1
Alek_Wek\4\4.215.jpg,0,173,61,45,45,0.0,1
Alek_Wek\4\4.216.jpg,0,172,59,45,45,0.0,1
Alek_Wek\4\4.217.jpg,0,172,58,45,45,0.0,1
Alek_Wek\4\4.218.jpg,0,172,56,45,45,0.0,1
Alek_Wek\4\4.219.jpg,0,172,54,45,45,0.0,1
Alek_Wek\4\4.220.jpg,0,172,52,44,44,0.0,1
Alek_Wek\4\4.221.jpg,0,171,50,45,45,0.0,1
Alek_Wek\4\4.222.jpg,0,170,51,45,45,0.0,1
Alek_Wek\4\4.223.jpg,0,169,53,44,44,0.0,1
Alek_Wek\4\4.224.jpg,0,168,55,44,44,0.0,1
Alek_Wek\4\4.225.jpg,0,166,58,45,45,0.0,1
Alek_Wek\4\4.226.jpg,0,166,61,45,45,0.0,1
Alek_Wek\4\4.227.jpg,0,166,62,46,46,0.0,1
Alek_Wek\4\4.228.jpg,0,164,61,45,45,0.0,1
Alek_Wek\4\4.229.jpg,0,165,60,45,45,0.0,1
Alek_Wek\4\4.230.jpg,0,165,59,46,46,0.0,1
Alek_Wek\4\4.231.jpg,0,164,57,45,45,0.0,1
Alek_Wek\4\4.232.jpg,0,165,56,46,46,0.0,1
Alek_Wek\4\4.233.jpg,0,166,54,45,45,0.0,1
Alek_Wek\4\4.234.jpg,0,167,52,45,45,0.0,1
Alek_Wek\4\4.235.jpg,0,169,51,46,46,0.0,1
Alek_Wek\4\4.236.jpg,0,168,50,45,45,0.0,1
Alek_Wek\4\4.237.jpg,0,170,50,47,47,0.0,1
Alek_Wek\4\4.238.jpg,0,171,52,48,48,0.0,1
Alek_Wek\4\4.239.jpg,0,172,54,47,47,0.0,1
Alek_Wek\4\4.240.jpg,0,172,58,47,47,0.0,1
Alek_Wek\4\4.241.jpg,1,173,60,47,47,0.0,1
Alek_Wek\4\4.242.jpg,0,173,62,48,48,0.0,1
Alek_Wek\4\4.243.jpg,0,175,61,47,47,0.0,1
Alek_Wek\4\4.244.jpg,0,175,61,48,48,0.0,1
Alek_Wek\4\4.245.jpg,0,177,58,47,47,0.0,1
Alek_Wek\4\4.246.jpg,0,179,58,48,48,0.0,1
Alek_Wek\4\4.247.jpg,0,179,56,47,47,0.0,1
Alek_Wek\4\4.248.jpg,0,181,54,48,48,0.0,1
Alek_Wek\4\4.249.jpg,0,181,52,47,47,0.0,1
Alek_Wek\4\4.250.jpg,0,182,52,47,47,0.0,1
Alek_Wek\4\4.251.jpg,0,183,51,48,48,0.0,1
Alek_Wek\4\4.252.jpg,0,183,53,48,48,0.0,1
Alek_Wek\4\4.253.jpg,0,182,56,48,48,0.0,1
Alek_Wek\4\4.254.jpg,0,181,58,47,47,0.0,1
Alek_Wek\4\4.255.jpg,0,181,61,48,48,0.0,1
Alek_Wek\4\4.256.jpg,0,181,62,47,47,0.0,1
Alek_Wek\4\4.257.jpg,0,180,63,49,49,0.0,1
Alek_Wek\4\4.258.jpg,0,181,63,49,49,0.0,1
Alek_Wek\4\4.259.jpg,0,182,63,48,48,0.0,1
Alek_Wek\4\4.260.jpg,0,180,63,49,49,0.0,1
Alek_Wek\4\4.261.jpg,0,181,63,48,48,0.0,1
Alek_Wek\4\4.262.jpg,0,181,63,48,48,0.0,1
Alek_Wek\4\4.263.jpg,0,181,62,50,50,0.0,1
Alek_Wek\4\4.264.jpg,0,181,60,49,49,0.0,1
Alek_Wek\4\4.265.jpg,0,183,58,51,51,0.0,1
Alek_Wek\4\4.266.jpg,0,184,56,50,50,0.0,1
Alek_Wek\4\4.267.jpg,0,185,55,50,50,0.0,1
Alek_Wek\4\4.268.jpg,0,185,54,49,49,0.0,1
Alek_Wek\4\4.269.jpg,0,187,56,49,49,0.0,1
Alek_Wek\4\4.270.jpg,0,187,57,49,49,0.0,1
Alek_Wek\4\4.271.jpg,0,187,58,50,50,0.0,1
Alek_Wek\4\4.272.jpg,0,186,59,51,51,0.0,1
Alek_Wek\4\4.273.jpg,0,186,61,50,50,0.0,1
Alek_Wek\4\4.274.jpg,0,186,61,50,50,0.0,1
Alek_Wek\4\4.275.jpg,0,185,62,50,50,0.0,1
Alek_Wek\4\4.276.jpg,0,184,63,51,51,0.0,1
Alek_Wek\4\4.277.jpg,0,184,65,49,49,0.0,1
Alek_Wek\4\4.278.jpg,0,186,66,50,50,0.0,1
Alek_Wek\4\4.279.jpg,0,185,66,49,49,0.0,1
Alek_Wek\4\4.280.jpg,0,188,66,52,52,0.0,1
Alek_Wek\4\4.281.jpg,0,188,65,50,50,0.0,1
Alek_Wek\4\4.282.jpg,0,190,64,52,52,0.0,1
Alek_Wek\4\4.283.jpg,0,191,63,51,51,0.0,1
Alek_Wek\4\4.284.jpg,0,193,61,50,50,0.0,1
Alek_Wek\4\4.285.jpg,0,195,60,50,50,0.0,1
Alek_Wek\4\4.286.jpg,0,196,59,51,51,0.0,1
Alek_Wek\4\4.287.jpg,0,199,58,52,52,0.0,1
Alek_Wek\4\4.288.jpg,0,200,57,51,51,0.0,1
Alek_Wek\4\4.289.jpg,0,203,56,52,52,0.0,1
Alek_Wek\4\4.290.jpg,0,205,55,51,51,0.0,1
Alek_Wek\4\4.291.jpg,0,207,55,53,53,0.0,1
Alek_Wek\4\4.292.jpg,0,209,56,53,53,0.0,1
Alek_Wek\4\4.293.jpg,0,215,59,54,54,0.0,1
Alek_Wek\4\4.294.jpg,0,216,59,52,52,0.0,1
Alek_Wek\4\4.295.jpg,0,218,58,53,53,0.0,1
Alek_Wek\4\4.296.jpg,0,220,59,51,51,0.0,1
Alek_Wek\4\4.297.jpg,0,223,60,53,53,0.0,1
Alek_Wek\4\4.298.jpg,0,226,61,50,50,0.0,1
Alek_Wek\4\4.299.jpg,0,227,61,52,52,0.0,1
Alek_Wek\4\4.300.jpg,0,229,62,53,53,0.0,1
Alek_Wek\4\4.301.jpg,0,231,62,53,53,0.0,1
Alek_Wek\4\4.302.jpg,0,232,63,53,53,0.0,1
Alek_Wek\4\4.303.jpg,0,235,64,51,51,0.0,1
Alek_Wek\4\4.304.jpg,0,237,65,52,52,0.0,1
Alek_Wek\4\4.305.jpg,0,237,65,51,51,0.0,1
Alek_Wek\4\4.306.jpg,0,239,65,54,54,0.0,1
Alek_Wek\4\4.307.jpg,0,239,65,52,52,0.0,1
Alek_Wek\4\4.308.jpg,0,240,65,53,53,0.0,1
Alek_Wek\4\4.309.jpg,0,240,64,51,51,0.0,1
Alek_Wek\4\4.310.jpg,0,240,65,52,52,0.0,1
Alek_Wek\4\4.311.jpg,0,239,65,52,52,0.0,1
Alek_Wek\4\4.312.jpg,0,238,64,53,53,0.0,1
Alek_Wek\4\4.313.jpg,0,238,65,54,54,0.0,1
Alek_Wek\4\4.314.jpg,0,236,64,55,55,0.0,1
Alek_Wek\4\4.315.jpg,0,236,66,52,52,0.0,1
Alek_Wek\4\4.316.jpg,0,233,66,51,51,0.0,1
Alek_Wek\4\4.317.jpg,0,230,67,53,53,0.0,1
Alek_Wek\4\4.318.jpg,0,230,67,54,54,0.0,1
Alek_Wek\4\4.319.jpg,0,227,67,53,53,0.0,1
Alek_Wek\4\4.320.jpg,0,227,66,54,54,0.0,1
Alek_Wek\4\4.321.jpg,0,224,65,53,53,0.0,1
Alek_Wek\4\4.322.jpg,0,223,63,54,54,0.0,1
Alek_Wek\4\4.323.jpg,1,221,61,56,56,0.0,1
Alek_Wek\4\4.324.jpg,0,219,59,55,55,0.0,1
Alek_Wek\4\4.325.jpg,0,217,58,55,55,0.0,1
Alek_Wek\4\4.326.jpg,0,214,58,55,55,0.0,1
Alek_Wek\4\4.327.jpg,0,212,58,55,55,0.0,1
Alek_Wek\4\4.328.jpg,0,211,60,54,54,0.0,1
Alek_Wek\4\4.329.jpg,0,209,59,53,53,0.0,1
Alek_Wek\4\4.330.jpg,0,207,61,53,53,0.0,1
Alek_Wek\4\4.331.jpg,1,205,63,53,53,0.0,1
Alek_Wek\4\4.332.jpg,0,202,65,54,54,0.0,1
Alek_Wek\4\4.333.jpg,0,200,68,54,54,0.0,1
Alek_Wek\4\4.334.jpg,0,198,69,51,51,0.0,1
Alek_Wek\4\4.335.jpg,0,197,70,52,52,0.0,1
Alek_Wek\4\4.336.jpg,0,195,71,55,55,0.0,1
Alek_Wek\4\4.337.jpg,0,195,71,52,52,0.0,1
Alek_Wek\4\4.338.jpg,0,193,70,53,53,0.0,1
Alek_Wek\4\4.339.jpg,0,195,71,52,52,0.0,1
Alek_Wek\4\4.340.jpg,0,195,71,52,52,0.0,1
Alek_Wek\4\4.341.jpg,1,196,70,50,50,0.0,1
Alek_Wek\4\4.342.jpg,0,194,69,53,53,0.0,1
Alek_Wek\4\4.343.jpg,0,192,69,53,53,0.0,1
Alek_Wek\4\4.344.jpg,0,187,70,64,64,0.0,1
Alek_Wek\4\4.345.jpg,0,189,71,53,53,0.0,1
Alek_Wek\4\4.346.jpg,0,187,72,54,54,0.0,1
Alek_Wek\4\4.347.jpg,0,190,75,56,56,0.0,1
Alek_Wek\4\4.348.jpg,0,183,76,66,66,0.0,1
Alek_Wek\4\4.349.jpg,0,181,78,64,64,0.0,1
Alek_Wek\4\4.350.jpg,1,182,80,62,62,0.0,1
Alek_Wek\4\4.351.jpg,1,177,80,64,64,0.0,1
Alek_Wek\4\4.352.jpg,1,180,80,62,62,0.0,1
