0.95 0.65 
0.97 0.80 
0.97 0.73 
0.86 0.58 
0.78 0.51 
0.65 0.52 
0.84 0.62 
0.78 0.52 
0.86 0.63 
0.91 0.60 
0.75 0.45 
0.82 0.43 
0.63 0.37 
0.66 0.44 
0.76 0.46 
0.91 0.60 
0.86 0.63 
1.00 0.60 
0.97 0.64 
1.00 0.60 
1.00 0.60 
0.83 0.54 
0.94 0.56 
0.77 0.51 
0.76 0.49 
0.90 0.42 
0.81 0.41 
0.90 0.42 
0.90 0.51 
0.88 0.51 
0.88 0.56 
0.94 0.54 
0.91 0.53 
0.89 0.40 
1.00 0.44 
0.83 0.41 
0.90 0.40 
0.73 0.33 
0.64 0.28 
0.75 0.33 
0.93 0.43 
1.00 0.51 
1.00 0.51 
1.00 0.56 
1.00 0.46 
1.00 0.46 
1.00 0.51 
1.00 0.48 
1.00 0.53 
1.00 0.56 
1.00 0.53 
1.00 0.53 
1.00 0.58 
1.00 0.58 
1.00 0.64 
1.00 0.58 
1.00 0.56 
1.00 0.56 
1.00 0.44 
1.00 0.49 
1.00 0.49 
0.80 0.43 
0.58 0.35 
1.00 0.38 
1.00 0.38 
1.00 0.38 
1.00 0.44 
1.00 0.38 
1.00 0.54 
1.00 0.42 
1.00 0.38 
1.00 0.35 
1.00 0.38 
1.00 0.38 
1.00 0.38 
1.00 0.44 
0.89 0.44 
1.00 0.35 
1.00 0.38 
0.75 0.30 
0.91 0.30 
0.90 0.23 
0.90 0.25 
0.75 0.19 
0.70 0.17 
0.82 0.22 
0.86 0.26 
0.95 0.29 
1.00 0.30 
0.88 0.35 
1.00 0.36 
1.00 0.36 
0.88 0.41 
0.79 0.43 
0.89 0.48 
1.00 0.54 
1.00 0.49 
0.76 0.67 
0.78 0.62 
0.67 0.53 
0.63 0.50 
0.56 0.50 
0.97 0.56 
0.66 0.52 
0.85 0.49 
0.76 0.54 
0.68 0.53 
0.91 0.53 
0.97 0.70 
0.81 0.64 
0.97 0.69 
0.84 0.67 
0.84 0.67 
0.97 0.69 
0.97 0.69 
0.70 0.70 
0.91 0.72 
0.82 0.65 
0.61 0.41 
0.79 0.48 
0.93 0.50 
0.96 0.58 
1.00 0.54 
0.93 0.63 
1.00 0.49 
1.00 0.60 
0.96 0.58 
1.00 0.54 
1.00 0.54 
1.00 0.60 
1.00 0.56 
1.00 0.46 

0.95 0.65 
0.95 0.78 
0.97 0.73 
0.95 0.71 
0.89 0.73 
0.79 0.64 
0.92 0.67 
0.85 0.51 
0.83 0.54 
0.73 0.48 
0.77 0.46 
1.00 0.60 
1.00 0.66 
1.00 0.66 
0.97 0.58 
0.94 0.62 
0.91 0.60 
0.91 0.54 
0.79 0.58 
0.92 0.61 
1.00 0.53 
0.82 0.47 
0.91 0.48 
0.78 0.45 
0.75 0.48 
0.84 0.45 
0.85 0.49 
0.94 0.50 
0.97 0.54 
1.00 0.51 
0.97 0.62 
1.00 0.51 
0.93 0.48 
0.80 0.41 
0.87 0.44 
0.94 0.60 
1.00 0.51 
1.00 0.44 
0.88 0.51 
0.91 0.53 
1.00 0.53 
1.00 0.58 
1.00 0.51 
1.00 0.64 
1.00 0.60 
1.00 0.53 
1.00 0.58 
1.00 0.48 
1.00 0.53 
1.00 0.56 
1.00 0.53 
1.00 0.60 
1.00 0.58 
1.00 0.58 
1.00 0.64 
1.00 0.51 
1.00 0.56 
1.00 0.56 
1.00 0.51 
1.00 0.49 
1.00 0.56 
0.97 0.60 
0.66 0.46 
1.00 0.51 
1.00 0.51 
1.00 0.51 
1.00 0.58 
1.00 0.58 
1.00 0.62 
1.00 0.64 
1.00 0.51 
1.00 0.53 
1.00 0.51 
0.97 0.49 
1.00 0.51 
1.00 0.44 
0.87 0.49 
0.87 0.40 
0.84 0.43 
1.00 0.47 
0.71 0.28 
0.73 0.31 
0.77 0.36 
0.73 0.31 
0.81 0.34 
0.88 0.34 
1.00 0.42 
1.00 0.49 
1.00 0.49 
1.00 0.54 
1.00 0.56 
1.00 0.56 
0.84 0.60 
0.94 0.66 
0.93 0.58 
0.93 0.58 
0.97 0.54 
0.79 0.70 
0.78 0.62 
0.71 0.56 
0.66 0.52 
0.51 0.51 
0.76 0.56 
0.65 0.65 
0.74 0.54 
0.60 0.54 
0.60 0.67 
0.90 0.73 
1.00 0.72 
0.83 0.74 
1.00 0.80 
1.00 0.79 
0.97 0.77 
1.00 0.71 
0.91 0.64 
0.58 0.58 
0.84 0.67 
0.90 0.62 
0.77 0.60 
0.80 0.56 
0.80 0.50 
0.93 0.65 
1.00 0.54 
1.00 0.68 
1.00 0.49 
1.00 0.60 
1.00 0.60 
1.00 0.54 
1.00 0.62 
0.97 0.67 
1.00 0.56 
1.00 0.46 

0.95 0.65 
0.95 0.78 
1.00 0.67 
0.87 0.65 
0.79 0.58 
0.71 0.57 
0.95 0.69 
0.82 0.49 
1.00 0.66 
0.92 0.67 
0.81 0.54 
0.94 0.56 
0.86 0.56 
0.92 0.67 
0.92 0.61 
1.00 0.73 
0.94 0.69 
0.94 0.63 
0.89 0.65 
0.88 0.53 
0.91 0.54 
0.86 0.56 
0.91 0.54 
0.88 0.51 
0.79 0.51 
0.89 0.53 
0.84 0.62 
0.85 0.51 
0.78 0.56 
0.88 0.51 
0.91 0.58 
0.94 0.62 
0.83 0.61 
0.77 0.39 
0.84 0.49 
0.86 0.62 
0.89 0.58 
0.75 0.49 
0.75 0.49 
0.70 0.46 
0.78 0.46 
0.89 0.58 
0.91 0.60 
0.88 0.56 
0.97 0.58 
1.00 0.60 
0.97 0.56 
1.00 0.48 
1.00 0.60 
1.00 0.72 
1.00 0.60 
1.00 0.60 
1.00 0.66 
0.97 0.71 
0.94 0.77 
1.00 0.73 
0.94 0.77 
0.94 0.68 
0.94 0.69 
0.91 0.58 
0.88 0.56 
0.72 0.45 
0.54 0.48 
0.97 0.64 
1.00 0.66 
0.91 0.60 
0.84 0.62 
0.87 0.71 
0.94 0.85 
1.00 0.81 
1.00 0.66 
0.89 0.60 
0.88 0.58 
0.85 0.69 
0.89 0.65 
0.86 0.63 
0.75 0.54 
0.94 0.56 
0.81 0.60 
0.93 0.58 
0.62 0.29 
0.68 0.33 
0.75 0.41 
0.75 0.37 
0.79 0.39 
0.77 0.39 
0.83 0.47 
0.85 0.54 
0.91 0.58 
0.88 0.71 
1.00 0.72 
1.00 0.81 
0.76 0.68 
0.77 0.77 
0.87 0.87 
0.95 0.95 
0.85 0.85 
0.58 0.88 
0.61 0.92 
0.56 0.83 
0.51 0.69 
0.43 0.72 
0.72 0.66 
0.56 0.69 
0.65 0.71 
0.58 0.77 
0.51 0.85 
0.81 0.81 
0.93 0.93 
0.70 0.86 
0.83 0.92 
0.72 0.89 
0.68 0.83 
0.78 0.78 
0.78 0.78 
0.50 0.78 
0.75 0.83 
0.77 0.86 
0.76 0.85 
0.75 0.83 
0.79 0.79 
0.74 0.74 
0.86 0.78 
0.66 0.82 
0.83 0.68 
0.85 0.95 
0.81 1.00 
0.88 0.97 
0.81 0.90 
0.69 0.94 
0.73 0.81 
0.69 0.46 

0.95 0.65 
0.97 0.80 
1.00 0.67 
1.00 0.60 
0.94 0.69 
0.75 0.54 
0.89 0.65 
0.86 0.58 
0.95 0.69 
0.91 0.60 
0.63 0.37 
0.80 0.48 
0.58 0.38 
0.68 0.44 
0.91 0.55 
1.00 0.66 
0.97 0.64 
1.00 0.53 
0.97 0.56 
1.00 0.46 
1.00 0.46 
0.66 0.38 
0.85 0.45 
0.58 0.38 
0.54 0.34 
0.66 0.35 
0.59 0.30 
0.76 0.40 
0.70 0.34 
0.73 0.33 
0.90 0.51 
0.78 0.40 
0.66 0.38 
0.62 0.36 
0.70 0.41 
0.82 0.52 
1.00 0.66 
0.94 0.62 
0.97 0.64 
0.91 0.60 
1.00 0.53 
1.00 0.66 
1.00 0.58 
0.97 0.62 
0.97 0.51 
1.00 0.53 
0.91 0.53 
1.00 0.48 
1.00 0.53 
1.00 0.72 
1.00 0.67 
0.91 0.54 
0.94 0.62 
1.00 0.73 
1.00 0.81 
1.00 0.73 
0.84 0.68 
0.74 0.60 
0.86 0.56 
0.88 0.64 
0.83 0.47 
0.81 0.50 
0.61 0.48 
1.00 0.51 
1.00 0.51 
1.00 0.58 
1.00 0.58 
1.00 0.51 
1.00 0.54 
1.00 0.64 
1.00 0.58 
1.00 0.53 
1.00 0.58 
1.00 0.51 
1.00 0.51 
1.00 0.51 
0.80 0.58 
0.94 0.56 
0.94 0.62 
0.97 0.60 
0.75 0.41 
0.88 0.37 
0.85 0.40 
0.71 0.35 
0.71 0.35 
0.86 0.38 
0.87 0.49 
0.96 0.47 
0.93 0.53 
0.96 0.52 
1.00 0.56 
1.00 0.56 
0.73 0.52 
0.78 0.55 
0.91 0.64 
0.97 0.78 
1.00 0.64 
0.77 0.77 
0.79 0.79 
0.66 0.74 
0.69 0.77 
0.58 0.73 
0.86 0.78 
0.64 0.72 
0.76 0.69 
0.72 0.80 
0.64 0.80 
0.92 0.76 
0.78 0.70 
0.66 0.74 
0.81 0.89 
0.74 0.92 
0.75 0.83 
0.97 0.87 
0.86 0.78 
0.51 0.72 
0.75 0.84 
0.76 0.76 
0.56 0.63 
0.74 0.74 
0.92 0.82 
0.84 0.84 
0.94 0.85 
0.83 0.83 
0.94 0.68 
0.94 0.84 
0.94 0.84 
0.97 0.78 
0.94 0.75 
0.82 0.73 
0.88 0.64 
0.78 0.46 

0.95 0.65 
0.97 0.80 
1.00 0.67 
0.97 0.73 
0.80 0.66 
0.60 0.54 
0.72 0.53 
0.69 0.46 
0.81 0.60 
0.62 0.46 
0.59 0.39 
0.74 0.49 
0.71 0.58 
0.92 0.67 
0.97 0.73 
1.00 0.73 
1.00 0.66 
0.97 0.73 
0.92 0.75 
0.94 0.63 
0.95 0.71 
0.82 0.54 
0.94 0.56 
0.62 0.41 
0.63 0.41 
0.83 0.50 
0.85 0.49 
0.86 0.51 
0.79 0.51 
0.94 0.54 
1.00 0.64 
1.00 0.51 
1.00 0.51 
0.97 0.56 
1.00 0.66 
1.00 0.64 
0.97 0.56 
0.82 0.48 
0.85 0.49 
0.81 0.41 
0.94 0.56 
0.97 0.64 
1.00 0.66 
0.91 0.66 
0.97 0.58 
0.97 0.58 
0.91 0.60 
1.00 0.55 
1.00 0.83 
0.90 0.90 
1.00 0.75 
0.97 0.65 
0.94 0.69 
0.97 0.64 
0.97 0.70 
1.00 0.66 
0.97 0.70 
0.91 0.66 
0.86 0.63 
0.79 0.57 
0.79 0.57 
0.85 0.68 
0.65 0.58 
0.80 0.53 
1.00 0.66 
1.00 0.66 
1.00 0.73 
0.97 0.71 
0.86 0.69 
0.94 0.68 
1.00 0.66 
1.00 0.60 
0.97 0.64 
1.00 0.66 
0.97 0.64 
0.92 0.67 
0.81 0.66 
0.81 0.54 
0.78 0.51 
1.00 0.62 
0.63 0.39 
0.77 0.43 
0.81 0.50 
0.76 0.49 
0.86 0.42 
0.86 0.38 
0.90 0.51 
0.84 0.47 
0.85 0.54 
0.91 0.64 
1.00 0.72 
1.00 0.72 
0.78 0.70 
0.83 0.75 
0.89 0.89 
1.00 1.00 
0.83 0.83 
0.66 0.91 
0.62 0.84 
0.56 0.76 
0.54 0.74 
0.43 0.65 
0.60 0.71 
0.45 0.74 
0.61 0.67 
0.60 0.80 
0.48 0.88 
0.71 0.93 
0.68 0.90 
0.54 0.89 
0.65 0.87 
0.56 0.83 
0.56 0.83 
0.61 0.82 
0.68 0.75 
0.46 0.72 
0.72 0.89 
0.72 0.89 
0.57 0.79 
0.58 0.65 
0.69 0.62 
0.68 0.84 
0.80 0.80 
0.68 0.94 
0.77 0.77 
0.70 0.86 
0.69 0.94 
0.82 1.00 
0.82 1.00 
0.65 0.89 
0.77 0.77 
0.62 0.51 

