0.78 1.00 
0.65 1.00 
0.72 1.00 
0.69 0.82 
0.62 0.74 
0.49 0.65 
0.64 0.83 
0.58 0.64 
0.64 0.83 
0.61 0.79 
0.58 0.75 
0.63 0.82 
0.58 0.76 
0.60 0.71 
0.60 0.71 
0.62 0.81 
0.62 0.88 
0.62 0.80 
0.57 0.81 
0.59 0.82 
0.57 0.80 
0.63 0.82 
0.58 0.69 
0.59 0.70 
0.53 0.70 
0.61 0.73 
0.62 0.88 
0.80 0.95 
0.68 0.97 
0.73 0.88 
0.66 0.88 
0.64 0.76 
0.62 0.68 
0.60 0.55 
0.62 0.56 
0.65 0.78 
0.79 0.86 
0.70 0.77 
0.77 0.84 
0.76 0.91 
0.70 0.77 
0.75 0.82 
0.75 0.82 
0.60 0.72 
0.84 0.76 
0.84 0.76 
0.67 0.81 
0.70 0.77 
0.72 0.93 
0.59 1.00 
0.81 0.89 
0.65 0.65 
0.58 0.69 
0.64 0.76 
0.62 0.82 
0.73 0.88 
0.64 0.85 
0.61 0.80 
0.68 0.81 
0.66 0.80 
0.62 0.82 
0.52 0.76 
0.41 0.61 
0.72 0.79 
0.80 0.88 
0.74 0.88 
0.76 0.91 
0.74 0.88 
0.61 0.89 
0.59 0.79 
0.63 0.69 
0.69 0.63 
0.66 0.86 
0.68 0.82 
0.71 0.77 
0.74 0.81 
0.70 0.93 
0.80 0.95 
0.73 0.88 
0.63 0.84 
0.59 0.59 
0.58 0.58 
0.56 0.69 
0.52 0.47 
0.63 0.51 
0.54 0.54 
0.60 0.66 
0.75 0.90 
0.72 0.88 
0.65 0.95 
0.69 1.00 
0.69 1.00 
0.56 0.82 
0.52 0.82 
0.47 0.95 
0.50 1.00 
0.55 1.00 
0.43 1.00 
0.41 1.00 
0.36 1.00 
0.32 1.00 
0.32 1.00 
0.43 0.93 
0.30 0.94 
0.37 0.90 
0.34 0.89 
0.28 1.00 
0.52 1.00 
0.48 1.00 
0.39 1.00 
0.43 1.00 
0.39 1.00 
0.36 1.00 
0.40 1.00 
0.34 0.89 
0.22 0.72 
0.35 0.92 
0.43 0.97 
0.43 1.00 
0.39 1.00 
0.43 1.00 
0.39 1.00 
0.53 1.00 
0.43 1.00 
0.55 1.00 
0.44 1.00 
0.41 1.00 
0.49 0.92 
0.46 1.00 
0.41 1.00 
0.52 0.95 
0.50 0.75 

0.78 1.00 
0.65 1.00 
0.72 1.00 
0.76 0.91 
0.67 0.81 
0.53 0.70 
0.66 0.79 
0.60 0.54 
0.66 0.73 
0.63 0.75 
0.57 0.62 
0.61 0.67 
0.59 0.71 
0.62 0.81 
0.65 0.77 
0.72 0.79 
0.77 0.77 
0.73 0.86 
0.67 0.88 
0.67 0.87 
0.71 0.91 
0.67 0.88 
0.66 0.78 
0.59 0.65 
0.57 0.69 
0.69 0.69 
0.59 0.77 
0.72 0.93 
0.68 0.90 
0.67 0.88 
0.64 0.93 
0.62 0.74 
0.65 0.59 
0.57 0.52 
0.63 0.57 
0.53 0.58 
0.74 0.81 
0.73 0.88 
0.75 0.90 
0.78 0.86 
0.78 0.78 
0.75 0.90 
0.75 0.98 
0.62 0.90 
0.75 0.82 
0.81 0.89 
0.71 0.86 
0.78 0.85 
0.80 0.95 
0.69 1.00 
0.74 0.95 
0.71 0.84 
0.60 0.86 
0.66 0.86 
0.70 0.93 
0.80 0.88 
0.64 1.00 
0.59 1.00 
0.71 1.00 
0.64 0.93 
0.64 0.93 
0.58 1.00 
0.51 0.83 
0.74 0.88 
0.73 0.95 
0.66 0.86 
0.69 0.90 
0.70 0.84 
0.56 0.75 
0.56 0.62 
0.60 0.66 
0.61 0.61 
0.68 0.75 
0.72 0.79 
0.66 0.73 
0.67 0.81 
0.59 0.85 
0.65 0.77 
0.58 0.76 
0.60 0.73 
0.54 0.60 
0.60 0.54 
0.54 0.54 
0.53 0.53 
0.54 0.54 
0.56 0.56 
0.68 0.68 
0.72 0.95 
0.68 0.90 
0.68 1.00 
0.76 1.00 
0.69 1.00 
0.41 0.77 
0.39 0.73 
0.49 0.92 
0.58 1.00 
0.59 1.00 
0.40 1.00 
0.43 0.97 
0.37 0.89 
0.39 1.00 
0.32 1.00 
0.52 0.93 
0.42 0.94 
0.55 0.98 
0.42 0.92 
0.35 0.94 
0.56 1.00 
0.55 1.00 
0.44 1.00 
0.53 1.00 
0.48 1.00 
0.48 1.00 
0.53 1.00 
0.50 1.00 
0.31 0.88 
0.45 0.94 
0.50 0.97 
0.43 1.00 
0.48 1.00 
0.53 1.00 
0.48 1.00 
0.66 0.97 
0.50 1.00 
0.69 1.00 
0.56 1.00 
0.52 1.00 
0.55 0.95 
0.49 0.85 
0.46 0.89 
0.59 0.93 
0.62 0.80 

0.78 1.00 
0.65 1.00 
0.72 1.00 
0.72 0.93 
0.62 0.81 
0.52 0.75 
0.57 0.81 
0.53 0.68 
0.59 0.83 
0.57 0.74 
0.50 0.59 
0.59 0.70 
0.58 0.76 
0.66 0.86 
0.65 0.84 
0.62 0.82 
0.66 0.93 
0.64 0.89 
0.66 0.80 
0.72 0.79 
0.73 0.86 
0.73 0.95 
0.66 0.78 
0.59 0.77 
0.62 0.90 
0.65 0.84 
0.67 0.88 
0.75 0.89 
0.69 1.00 
0.69 0.90 
0.73 0.88 
0.68 0.75 
0.72 0.72 
0.68 0.61 
0.65 0.59 
0.57 0.62 
0.69 0.69 
0.73 0.73 
0.77 1.00 
0.71 1.00 
0.83 0.91 
0.79 0.95 
0.75 0.98 
0.61 0.81 
0.68 0.74 
0.78 0.85 
0.73 0.95 
0.77 0.98 
0.84 1.00 
0.69 1.00 
0.76 0.98 
0.69 0.89 
0.56 0.79 
0.56 0.86 
0.54 0.85 
0.64 0.90 
0.61 0.88 
0.66 0.88 
0.69 0.76 
0.63 0.70 
0.52 0.69 
0.49 0.79 
0.44 0.78 
0.69 0.83 
0.66 0.79 
0.66 0.80 
0.68 0.82 
0.65 0.78 
0.55 0.80 
0.63 0.77 
0.73 0.88 
0.76 0.69 
0.71 0.77 
0.68 0.88 
0.65 1.00 
0.76 0.91 
0.66 0.95 
0.82 0.98 
0.75 0.98 
0.68 0.75 
0.58 0.58 
0.60 0.49 
0.52 0.47 
0.48 0.48 
0.58 0.58 
0.68 0.56 
0.71 0.64 
0.81 0.81 
0.83 0.83 
0.73 0.97 
0.72 0.95 
0.68 0.97 
0.52 0.82 
0.53 1.00 
0.52 0.97 
0.58 1.00 
0.59 1.00 
0.46 1.00 
0.43 0.89 
0.35 0.78 
0.33 0.86 
0.33 0.88 
0.52 1.00 
0.39 0.94 
0.52 0.93 
0.46 1.00 
0.37 1.00 
0.56 1.00 
0.55 1.00 
0.42 0.94 
0.43 1.00 
0.39 1.00 
0.39 1.00 
0.46 1.00 
0.48 0.97 
0.31 0.94 
0.44 1.00 
0.41 1.00 
0.37 1.00 
0.48 1.00 
0.53 1.00 
0.52 1.00 
0.58 1.00 
0.50 1.00 
0.68 0.97 
0.52 1.00 
0.52 1.00 
0.58 1.00 
0.58 1.00 
0.46 0.89 
0.58 0.90 
0.65 0.77 

0.78 1.00 
0.65 1.00 
0.72 1.00 
0.63 0.89 
0.56 0.86 
0.51 0.68 
0.62 0.74 
0.52 0.73 
0.50 0.76 
0.52 0.62 
0.48 0.52 
0.60 0.66 
0.54 0.65 
0.54 0.65 
0.55 0.66 
0.66 0.79 
0.67 0.81 
0.75 0.82 
0.66 0.79 
0.68 0.75 
0.70 0.77 
0.69 0.75 
0.64 0.58 
0.42 0.55 
0.39 0.56 
0.58 0.64 
0.62 0.74 
0.81 0.89 
0.68 0.90 
0.69 0.83 
0.70 0.93 
0.70 0.77 
0.63 0.75 
0.67 0.67 
0.71 0.64 
0.64 0.78 
0.76 0.83 
0.63 0.69 
0.68 0.74 
0.73 0.73 
0.82 0.68 
0.70 0.77 
0.76 0.84 
0.73 0.81 
0.79 0.72 
0.80 0.80 
0.65 0.77 
0.78 0.78 
0.85 0.93 
0.64 1.00 
0.70 0.98 
0.73 0.80 
0.64 0.76 
0.64 0.77 
0.57 0.76 
0.70 0.77 
0.72 0.88 
0.70 0.85 
0.77 0.93 
0.79 0.88 
0.70 0.70 
0.59 0.65 
0.57 0.70 
0.85 0.93 
0.91 0.91 
0.80 0.88 
0.83 0.91 
0.77 0.69 
0.64 0.64 
0.63 0.63 
0.72 0.72 
0.74 0.61 
0.77 0.63 
0.78 0.71 
0.80 0.80 
0.80 0.80 
0.80 0.88 
0.91 0.83 
0.81 0.81 
0.68 0.54 
0.65 0.52 
0.60 0.49 
0.56 0.45 
0.61 0.44 
0.74 0.60 
0.77 0.56 
0.78 0.70 
0.92 0.74 
0.82 0.74 
0.68 0.75 
0.85 0.85 
0.90 0.90 
0.61 0.82 
0.59 0.87 
0.76 0.92 
0.71 0.87 
0.68 0.82 
0.60 1.00 
0.54 0.81 
0.46 0.76 
0.45 0.86 
0.41 0.82 
0.66 0.86 
0.49 0.94 
0.66 0.80 
0.59 0.87 
0.47 0.85 
0.70 0.84 
0.70 0.93 
0.60 0.89 
0.65 0.95 
0.53 0.86 
0.54 0.89 
0.67 0.89 
0.58 0.92 
0.36 0.81 
0.48 0.86 
0.56 0.92 
0.53 0.88 
0.62 0.84 
0.64 0.78 
0.65 0.89 
0.83 0.92 
0.68 0.94 
0.86 0.95 
0.79 0.97 
0.63 0.94 
0.63 0.84 
0.59 0.79 
0.58 0.72 
0.79 0.79 
0.84 0.63 

Average precision, recall, elapsed time and fps per iteration:
0.58+-0.13 0.85+-0.13 6.22 21.07 
0.61+-0.11 0.85+-0.14 6.56 19.96 
0.61+-0.12 0.86+-0.13 7.40 17.70 
0.67+-0.12 0.79+-0.12 7.58 17.28 
