188.00 83.00 52.00 52.00 
186.68 82.14 52.00 52.00 
185.37 80.97 52.00 52.00 
179.21 81.24 48.00 48.00 
175.74 84.28 46.00 46.00 
172.77 84.16 47.00 47.00 
174.21 86.54 48.00 48.00 
172.77 88.91 47.00 47.00 
174.87 89.87 48.00 48.00 
174.40 93.97 49.00 49.00 
175.22 92.43 50.00 50.00 
173.47 90.38 50.00 50.00 
170.75 86.98 49.00 49.00 
169.92 82.47 46.00 46.00 
171.60 78.86 48.00 48.00 
172.90 75.54 49.00 49.00 
174.43 71.70 50.00 50.00 
176.44 67.74 51.00 51.00 
174.94 70.81 51.00 51.00 
172.64 73.35 52.00 52.00 
170.15 75.35 52.00 52.00 
168.47 77.70 48.00 48.00 
166.28 79.43 49.00 49.00 
165.78 82.31 47.00 47.00 
161.18 84.58 46.00 46.00 
161.65 84.41 48.00 48.00 
165.32 83.19 50.00 50.00 
166.48 76.29 49.00 49.00 
163.72 74.14 48.00 48.00 
160.05 75.20 47.00 47.00 
156.48 75.52 46.00 46.00 
151.80 79.34 46.00 46.00 
150.36 81.23 45.00 45.00 
148.10 82.28 40.00 40.00 
151.12 80.37 40.00 40.00 
156.29 83.54 44.00 44.00 
159.99 82.86 44.00 44.00 
159.96 81.74 44.00 44.00 
161.05 79.89 44.00 44.00 
158.45 77.18 46.00 46.00 
157.30 73.63 46.00 46.00 
159.08 74.89 45.00 45.00 
158.80 74.52 45.00 45.00 
157.90 73.61 45.00 45.00 
161.01 80.13 43.00 43.00 
159.20 82.89 43.00 43.00 
160.47 84.46 47.00 47.00 
163.97 85.15 48.00 48.00 
168.61 84.98 50.00 50.00 
173.32 83.10 53.00 53.00 
171.18 82.66 46.00 46.00 
165.00 84.68 44.00 44.00 
163.61 82.16 47.00 47.00 
164.33 80.36 47.00 47.00 
164.12 81.86 47.00 47.00 
166.22 79.58 46.00 46.00 
163.62 82.33 46.00 46.00 
161.57 86.29 47.00 47.00 
160.61 88.00 46.00 46.00 
157.95 88.35 45.00 45.00 
157.42 88.73 47.00 47.00 
154.59 87.83 47.00 47.00 
151.84 88.49 44.00 44.00 
154.97 85.55 44.00 44.00 
157.33 80.43 45.00 45.00 
154.32 79.79 46.00 46.00 
155.01 78.63 46.00 46.00 
155.55 80.51 47.00 47.00 
152.52 83.23 47.00 47.00 
150.86 82.35 47.00 47.00 
150.79 81.14 44.00 44.00 
152.49 83.35 42.00 42.00 
157.05 84.66 48.00 48.00 
158.73 86.19 47.00 47.00 
160.90 87.07 45.00 45.00 
162.35 89.39 45.00 45.00 
167.57 90.26 47.00 47.00 
167.55 86.29 48.00 48.00 
165.76 83.78 47.00 47.00 
132.69 84.31 44.00 44.00 
129.01 81.23 39.00 39.00 
131.13 76.41 41.00 41.00 
134.25 75.28 43.00 43.00 
133.79 74.13 39.00 39.00 
133.18 79.52 37.00 37.00 
137.82 79.92 43.00 43.00 
142.31 81.73 42.00 42.00 
147.50 87.54 44.00 44.00 
147.99 88.32 45.00 45.00 
153.20 86.48 46.00 46.00 
158.05 83.17 49.00 49.00 
161.47 80.86 49.00 49.00 
171.73 72.20 47.00 47.00 
174.22 68.59 49.00 49.00 
173.25 69.26 54.00 54.00 
173.58 73.73 54.00 54.00 
175.39 78.90 55.00 55.00 
182.94 86.15 53.00 53.00 
190.47 89.52 57.00 57.00 
194.77 91.85 60.00 60.00 
199.62 94.45 64.00 64.00 
199.59 94.63 61.00 61.00 
202.02 89.94 62.00 62.00 
202.90 90.39 65.00 65.00 
203.86 87.68 66.00 66.00 
201.54 87.57 63.00 63.00 
197.75 87.13 64.00 64.00 
194.48 87.98 58.00 58.00 
191.71 86.51 58.00 58.00 
191.10 87.07 59.00 59.00 
187.16 90.13 58.00 58.00 
187.96 87.17 59.00 59.00 
188.32 83.32 60.00 60.00 
191.11 80.51 61.00 61.00 
195.27 80.14 62.00 62.00 
195.66 83.78 59.00 59.00 
190.39 86.81 59.00 59.00 
185.66 87.48 55.00 55.00 
180.43 86.89 52.00 52.00 
180.69 88.08 59.00 59.00 
175.86 88.38 58.00 58.00 
174.36 90.50 58.00 58.00 
171.41 91.31 53.00 53.00 
172.21 88.98 52.00 52.00 
169.74 84.25 54.00 54.00 
172.86 79.52 54.00 54.00 
176.59 74.35 56.00 56.00 
174.99 70.89 53.00 53.00 
174.47 72.46 56.00 56.00 
171.28 74.53 56.00 56.00 
171.40 80.10 54.00 54.00 
169.63 84.91 54.00 54.00 

188.00 83.00 52.00 52.00 
187.86 82.33 52.00 52.00 
187.49 79.43 52.00 52.00 
183.61 81.08 49.00 49.00 
178.72 82.97 46.00 46.00 
174.72 85.73 47.00 47.00 
173.23 86.51 47.00 47.00 
171.56 88.80 43.00 43.00 
173.88 92.30 44.00 44.00 
175.67 94.71 46.00 46.00 
174.62 94.47 47.00 47.00 
174.59 95.72 46.00 46.00 
172.63 90.23 46.00 46.00 
172.28 85.50 48.00 48.00 
173.43 81.52 49.00 49.00 
173.14 77.50 44.00 44.00 
171.72 79.71 43.00 43.00 
172.71 80.22 49.00 49.00 
171.39 80.88 49.00 49.00 
168.10 81.50 50.00 50.00 
169.54 83.25 51.00 51.00 
167.82 84.96 49.00 49.00 
166.65 84.07 48.00 48.00 
163.60 84.66 45.00 45.00 
163.88 86.56 45.00 45.00 
163.38 85.73 45.00 45.00 
163.78 86.67 49.00 49.00 
164.73 78.75 50.00 50.00 
162.00 74.04 47.00 47.00 
159.66 78.80 48.00 48.00 
157.53 79.87 48.00 48.00 
150.76 81.91 47.00 47.00 
148.50 84.73 41.00 41.00 
145.65 88.00 41.00 41.00 
148.03 89.52 41.00 41.00 
150.70 92.97 42.00 42.00 
156.90 87.94 44.00 44.00 
161.38 86.79 46.00 46.00 
160.74 84.22 47.00 47.00 
156.93 81.28 45.00 45.00 
156.70 77.16 45.00 45.00 
158.34 80.81 46.00 46.00 
159.79 79.59 48.00 48.00 
157.63 78.31 48.00 48.00 
160.15 80.87 46.00 46.00 
159.77 84.35 47.00 47.00 
162.62 86.08 47.00 47.00 
166.59 86.69 49.00 49.00 
170.33 86.74 49.00 49.00 
170.93 84.00 49.00 49.00 
171.56 81.51 51.00 51.00 
169.81 81.54 49.00 49.00 
168.04 81.42 50.00 50.00 
167.20 79.40 49.00 49.00 
168.26 78.14 46.00 46.00 
168.86 80.48 45.00 45.00 
169.73 78.54 51.00 51.00 
167.34 81.54 52.00 52.00 
165.76 86.33 50.00 50.00 
160.67 89.68 49.00 49.00 
160.51 87.67 48.00 48.00 
161.27 84.99 50.00 50.00 
158.66 86.53 47.00 47.00 
157.64 80.31 46.00 46.00 
159.86 77.64 48.00 48.00 
162.03 74.00 49.00 49.00 
160.98 75.14 48.00 48.00 
155.87 78.05 47.00 47.00 
153.40 77.66 44.00 44.00 
148.89 80.61 43.00 43.00 
149.31 80.41 44.00 44.00 
149.18 83.61 44.00 44.00 
153.94 87.87 44.00 44.00 
155.42 90.37 45.00 45.00 
158.26 87.44 45.00 45.00 
160.48 89.20 46.00 46.00 
162.51 88.06 49.00 49.00 
159.85 82.99 48.00 48.00 
159.58 80.46 49.00 49.00 
135.78 76.34 43.00 43.00 
130.29 78.61 41.00 41.00 
129.24 78.99 38.00 38.00 
130.74 76.38 39.00 39.00 
131.47 77.76 41.00 41.00 
132.40 78.00 41.00 41.00 
137.23 80.87 42.00 42.00 
141.59 85.85 40.00 40.00 
147.74 92.71 46.00 46.00 
150.49 95.25 47.00 47.00 
157.60 87.93 46.00 46.00 
163.03 81.20 47.00 47.00 
168.29 79.32 49.00 49.00 
177.45 70.42 52.00 52.00 
180.65 66.50 52.00 52.00 
178.66 70.78 52.00 52.00 
173.22 78.37 51.00 51.00 
174.52 77.73 53.00 53.00 
180.71 76.00 54.00 54.00 
191.22 79.31 54.00 54.00 
197.19 83.70 56.00 56.00 
197.72 84.98 59.00 59.00 
198.17 83.68 60.00 60.00 
199.82 85.99 56.00 56.00 
197.11 84.71 54.00 54.00 
195.53 85.01 56.00 56.00 
197.04 82.25 57.00 57.00 
196.44 83.28 56.00 56.00 
193.66 82.39 57.00 57.00 
189.47 80.73 54.00 54.00 
189.86 81.23 54.00 54.00 
184.16 85.77 53.00 53.00 
180.28 88.80 52.00 52.00 
181.69 86.24 52.00 52.00 
185.84 81.14 53.00 53.00 
186.26 78.88 54.00 54.00 
188.33 76.61 54.00 54.00 
186.86 76.87 53.00 53.00 
183.43 76.42 51.00 51.00 
180.53 81.06 52.00 52.00 
181.95 85.09 52.00 52.00 
175.92 87.25 52.00 52.00 
175.64 88.96 52.00 52.00 
174.51 91.20 47.00 47.00 
172.16 90.19 48.00 48.00 
170.03 84.92 48.00 48.00 
170.94 78.98 48.00 48.00 
173.16 76.70 50.00 50.00 
170.54 72.70 51.00 51.00 
168.73 70.82 50.00 50.00 
170.32 74.54 51.00 51.00 
173.49 77.31 50.00 50.00 
173.13 82.87 51.00 51.00 

188.00 83.00 52.00 52.00 
187.81 81.21 52.00 52.00 
188.30 81.14 52.00 52.00 
183.01 82.49 50.00 50.00 
177.93 81.23 49.00 49.00 
175.36 84.69 49.00 49.00 
172.73 84.60 51.00 51.00 
172.62 87.86 51.00 51.00 
173.39 89.16 50.00 50.00 
171.79 89.77 49.00 49.00 
169.93 91.06 48.00 48.00 
169.89 89.78 49.00 49.00 
170.21 87.19 49.00 49.00 
174.07 81.29 48.00 48.00 
175.30 78.46 50.00 50.00 
173.72 74.72 49.00 49.00 
174.02 73.50 51.00 51.00 
173.69 72.26 53.00 53.00 
174.05 73.69 47.00 47.00 
171.38 78.25 47.00 47.00 
173.80 79.32 48.00 48.00 
170.97 83.11 48.00 48.00 
167.61 83.86 48.00 48.00 
168.13 80.92 49.00 49.00 
168.24 81.23 49.00 49.00 
165.53 81.88 50.00 50.00 
166.34 84.41 48.00 48.00 
167.26 84.74 49.00 49.00 
164.77 77.21 48.00 48.00 
160.97 75.51 49.00 49.00 
159.28 73.06 44.00 44.00 
154.06 76.51 44.00 44.00 
152.05 83.54 42.00 42.00 
149.25 86.87 41.00 41.00 
148.85 86.89 41.00 41.00 
149.88 88.16 42.00 42.00 
154.14 89.70 42.00 42.00 
158.87 86.39 42.00 42.00 
163.79 83.01 49.00 49.00 
160.82 79.19 50.00 50.00 
159.91 78.68 46.00 46.00 
160.94 79.54 47.00 47.00 
159.29 77.52 48.00 48.00 
156.20 76.51 47.00 47.00 
158.86 78.16 46.00 46.00 
161.76 80.66 47.00 47.00 
166.02 82.60 49.00 49.00 
171.24 83.49 52.00 52.00 
173.33 84.53 49.00 49.00 
174.99 83.37 48.00 48.00 
172.40 81.02 51.00 51.00 
172.32 77.51 50.00 50.00 
166.45 76.23 51.00 51.00 
165.90 77.95 52.00 52.00 
163.01 79.13 51.00 51.00 
165.50 80.06 50.00 50.00 
163.25 80.76 48.00 48.00 
163.70 79.11 46.00 46.00 
162.48 79.55 44.00 44.00 
157.20 84.23 43.00 43.00 
154.00 84.90 47.00 47.00 
154.47 86.08 48.00 48.00 
155.37 90.08 48.00 48.00 
154.13 84.13 47.00 47.00 
153.94 78.80 46.00 46.00 
153.06 76.22 46.00 46.00 
154.76 75.61 46.00 46.00 
154.76 76.81 47.00 47.00 
151.02 79.17 46.00 46.00 
152.27 81.79 45.00 45.00 
156.11 82.23 47.00 47.00 
155.29 83.49 43.00 43.00 
158.50 83.52 45.00 45.00 
160.92 85.37 48.00 48.00 
163.49 87.46 52.00 52.00 
165.58 88.30 47.00 47.00 
166.00 86.42 48.00 48.00 
168.62 82.34 49.00 49.00 
168.25 84.95 49.00 49.00 
137.22 77.58 40.00 40.00 
131.28 78.47 38.00 38.00 
130.29 76.80 37.00 37.00 
131.13 73.32 36.00 36.00 
134.94 72.63 41.00 41.00 
136.10 76.04 41.00 41.00 
141.80 80.09 39.00 39.00 
145.37 81.17 39.00 39.00 
147.84 87.09 41.00 41.00 
149.83 91.06 41.00 41.00 
155.66 86.50 45.00 45.00 
161.12 79.93 46.00 46.00 
165.12 77.24 48.00 48.00 
173.05 72.99 48.00 48.00 
174.43 71.59 53.00 53.00 
173.05 71.45 53.00 53.00 
172.27 74.23 51.00 51.00 
174.17 76.31 53.00 53.00 
184.16 81.92 51.00 51.00 
193.04 84.87 53.00 53.00 
200.03 90.40 55.00 55.00 
202.46 91.09 58.00 58.00 
201.40 86.65 57.00 57.00 
197.85 88.63 58.00 58.00 
194.09 91.14 57.00 57.00 
193.13 89.38 57.00 57.00 
192.58 86.16 57.00 57.00 
192.81 85.50 56.00 56.00 
191.96 86.31 57.00 57.00 
189.88 85.24 55.00 55.00 
193.84 86.30 55.00 55.00 
191.15 86.82 58.00 58.00 
189.57 86.96 58.00 58.00 
187.08 85.22 58.00 58.00 
187.64 82.04 56.00 56.00 
188.16 78.92 55.00 55.00 
187.25 75.03 56.00 56.00 
184.17 74.53 55.00 55.00 
179.27 77.79 56.00 56.00 
177.48 81.37 56.00 56.00 
180.89 86.79 53.00 53.00 
179.59 88.99 52.00 52.00 
178.21 89.94 50.00 50.00 
173.64 90.50 51.00 51.00 
173.22 89.28 48.00 48.00 
174.27 87.04 48.00 48.00 
173.41 83.67 50.00 50.00 
174.70 79.24 50.00 50.00 
175.21 75.99 50.00 50.00 
174.16 74.74 50.00 50.00 
170.97 76.08 50.00 50.00 
171.69 81.27 50.00 50.00 
173.08 82.68 49.00 49.00 

188.00 83.00 52.00 52.00 
187.14 81.84 52.00 52.00 
186.28 82.41 52.00 52.00 
180.72 81.55 52.00 52.00 
177.67 81.56 52.00 52.00 
173.37 84.57 46.00 46.00 
171.52 85.52 46.00 46.00 
173.24 86.87 53.00 53.00 
169.77 93.75 53.00 53.00 
170.24 95.30 47.00 47.00 
170.85 95.64 47.00 47.00 
171.29 92.30 47.00 47.00 
170.38 91.02 47.00 47.00 
170.76 89.82 47.00 47.00 
170.93 86.91 48.00 48.00 
171.49 81.62 47.00 47.00 
170.85 80.16 46.00 46.00 
171.21 79.23 46.00 46.00 
169.42 78.16 47.00 47.00 
168.78 79.43 47.00 47.00 
169.26 80.18 47.00 47.00 
167.41 79.98 45.00 45.00 
162.50 84.25 43.00 43.00 
156.66 86.43 49.00 49.00 
155.34 87.51 49.00 49.00 
158.47 84.30 46.00 46.00 
161.82 82.29 46.00 46.00 
166.84 81.18 47.00 47.00 
161.19 79.22 46.00 46.00 
158.96 79.39 47.00 47.00 
158.22 75.70 46.00 46.00 
154.51 77.06 44.00 44.00 
153.92 79.24 46.00 46.00 
153.44 81.14 42.00 42.00 
151.14 85.48 40.00 40.00 
154.50 89.49 44.00 44.00 
156.18 85.38 45.00 45.00 
154.10 84.19 44.00 44.00 
155.19 85.92 44.00 44.00 
154.89 83.01 42.00 42.00 
155.39 80.82 40.00 40.00 
154.60 81.90 44.00 44.00 
156.23 77.27 44.00 44.00 
158.09 78.60 43.00 43.00 
158.52 81.70 43.00 43.00 
159.38 82.83 44.00 44.00 
161.32 81.71 46.00 46.00 
169.56 81.89 46.00 46.00 
172.06 83.49 47.00 47.00 
171.88 83.38 51.00 51.00 
171.64 84.89 53.00 53.00 
169.33 84.96 47.00 47.00 
166.70 83.46 46.00 46.00 
165.43 82.04 47.00 47.00 
162.42 82.10 46.00 46.00 
164.24 81.76 45.00 45.00 
165.19 81.61 45.00 45.00 
163.55 83.24 45.00 45.00 
164.22 86.83 46.00 46.00 
161.52 89.04 43.00 43.00 
158.89 86.00 41.00 41.00 
155.73 84.48 41.00 41.00 
157.08 84.48 41.00 41.00 
159.16 84.10 44.00 44.00 
161.38 79.98 43.00 43.00 
161.41 76.03 44.00 44.00 
161.31 78.21 44.00 44.00 
155.18 77.84 40.00 40.00 
154.39 77.63 39.00 39.00 
155.00 76.80 41.00 41.00 
157.15 78.63 42.00 42.00 
155.02 81.49 40.00 40.00 
158.78 82.71 39.00 39.00 
162.42 83.96 41.00 41.00 
164.51 86.31 43.00 43.00 
165.46 87.88 42.00 42.00 
167.34 88.80 43.00 43.00 
168.27 87.05 43.00 43.00 
165.57 83.41 42.00 42.00 
142.59 72.52 35.00 35.00 
133.07 77.43 34.00 34.00 
132.44 74.12 36.00 36.00 
132.79 73.03 34.00 34.00 
133.95 76.95 35.00 35.00 
135.61 82.86 36.00 36.00 
139.15 84.10 37.00 37.00 
144.00 86.78 38.00 38.00 
147.42 89.75 37.00 37.00 
147.95 87.84 38.00 38.00 
151.88 81.71 40.00 40.00 
157.40 82.12 40.00 40.00 
162.06 80.58 40.00 40.00 
172.60 75.46 45.00 45.00 
175.61 73.95 47.00 47.00 
173.82 75.28 42.00 42.00 
174.10 73.80 42.00 42.00 
172.75 72.99 45.00 45.00 
181.30 80.62 45.00 45.00 
192.20 88.35 45.00 45.00 
196.96 91.59 46.00 46.00 
198.27 92.76 50.00 50.00 
199.43 86.69 49.00 49.00 
198.38 83.66 49.00 49.00 
195.84 84.53 50.00 50.00 
194.31 85.67 47.00 47.00 
194.17 82.31 46.00 46.00 
194.13 75.83 47.00 47.00 
191.28 76.61 46.00 46.00 
188.85 78.51 46.00 46.00 
188.14 78.18 45.00 45.00 
189.47 82.54 46.00 46.00 
190.08 91.03 46.00 46.00 
189.93 90.41 46.00 46.00 
188.44 84.08 44.00 44.00 
187.56 79.33 48.00 48.00 
187.42 78.80 49.00 49.00 
187.05 77.01 48.00 48.00 
182.62 76.65 46.00 46.00 
182.41 77.53 44.00 44.00 
180.95 78.36 43.00 43.00 
179.53 79.52 42.00 42.00 
179.84 84.59 42.00 42.00 
177.72 86.62 41.00 41.00 
176.64 86.65 40.00 40.00 
174.72 83.72 42.00 42.00 
172.73 79.54 41.00 41.00 
175.87 76.48 44.00 44.00 
174.78 71.71 45.00 45.00 
173.98 69.21 44.00 44.00 
172.60 75.67 40.00 40.00 
175.27 79.00 41.00 41.00 
176.25 81.22 39.00 39.00 

